rmse: 1.0485246181247778, standardized rmse: 0.9401030896995024
mse: 1.099403874813711, standardized mse: 0.9857212331250943
mae: 0.29679582712369595, standardized mae: 0.2661059828885218
