rmse: 0.01606320476604239, standardized rmse: 0.5088968331755515
mse: 0.00025802654735580696, standardized mse: 0.008174514036089398
mae: 0.004783946497918741, standardized mae: 0.1515597452893537
