rmse: 0.9143363131311625, standardized rmse: 0.8197903779658953
mse: 0.8360108935102872, standardized mse: 0.7495641117297388
mae: 0.42749515584558867, standardized mae: 0.38329049208283067
